{
  "filename": "S042_N10_C_R50.json",
  "n_nodes": 12,
  "num_customers": 10,
  "num_vehicles": 2,
  "num_drones": 2,
  "depot_idx": 0,
  "end_depot_idx": 11,
  "linehaul_indices": [
    2,
    3,
    8,
    9,
    10
  ],
  "backhaul_indices": [
    1,
    4,
    5,
    6,
    7
  ],
  "capacity_truck": 200,
  "capacity_drone": 20,
  "drone_duration": 1.0,
  "tau_l": 0.016666666666666666,
  "tau_r": 0.016666666666666666,
  "service_time": 0.08333333333333333,
  "V_TRUCK": 40.0,
  "V_DRONE": 60.0,
  "scale_factor": 1000,
  "coords": [
    [
      50.0,
      50.0
    ],
    [
      69.94284126413311,
      57.942715749936575
    ],
    [
      77.19630602505603,
      61.94900249434493
    ],
    [
      69.00155721928665,
      61.04950375207716
    ],
    [
      69.0257839917766,
      57.01634456345227
    ],
    [
      71.8473038492906,
      51.226142599102104
    ],
    [
      63.97978343297433,
      56.63011346076941
    ],
    [
      66.82813028168876,
      60.13625290811439
    ],
    [
      67.24735846094161,
      53.23004877239213
    ],
    [
      76.74204983871267,
      57.97615837578716
    ],
    [
      71.14956758177816,
      53.18027083287947
    ],
    [
      50.0,
      50.0
    ]
  ],
  "demands": {
    "0": 0,
    "1": -28,
    "2": 1,
    "3": 23,
    "4": -12,
    "5": -6,
    "6": -20,
    "7": -6,
    "8": 4,
    "9": 9,
    "10": 18,
    "11": 0
  },
  "time_windows": {
    "0": [
      0.0,
      12.0
    ],
    "1": [
      5.2019,
      6.2121
    ],
    "2": [
      2.4749,
      3.7
    ],
    "3": [
      4.9797,
      6.2158
    ],
    "4": [
      4.8313,
      5.8983
    ],
    "5": [
      2.7711,
      4.0565
    ],
    "6": [
      6.8515,
      8.0135
    ],
    "7": [
      2.7242,
      3.7877
    ],
    "8": [
      3.1475,
      4.1719
    ],
    "9": [
      3.5074,
      4.6513
    ],
    "10": [
      6.8933,
      8.1274
    ],
    "11": [
      0.0,
      12.0
    ]
  },
  "service_times": {
    "0": 0,
    "1": 0.08333333333333333,
    "2": 0.08333333333333333,
    "3": 0.08333333333333333,
    "4": 0.08333333333333333,
    "5": 0.08333333333333333,
    "6": 0.08333333333333333,
    "7": 0.08333333333333333,
    "8": 0.08333333333333333,
    "9": 0.08333333333333333,
    "10": 0.08333333333333333,
    "11": 0
  },
  "distance_matrix": [
    [
      0.0,
      27.885557014069683,
      39.14530851940096,
      30.05106097136381,
      26.042128555228878,
      23.0734464483927,
      20.609896893743738,
      26.96438318980315,
      20.477407233333743,
      34.71820821449983,
      24.32983841465763,
      0.0
    ],
    [
      27.885557014069683,
      0.0,
      11.25975150533128,
      4.048072046987038,
      1.8434284588408048,
      8.62103573599196,
      7.275660120325945,
      5.308248140622169,
      7.40814978073594,
      6.832651200430149,
      5.969171234702152,
      27.885557014069683
    ],
    [
      39.14530851940096,
      11.25975150533128,
      0.0,
      9.094247548037153,
      13.103179964172085,
      16.071862071008262,
      18.535411625657225,
      12.180925329597812,
      18.66790128606722,
      4.427100304901131,
      14.815470104743333,
      39.14530851940096
    ],
    [
      30.05106097136381,
      4.048072046987038,
      9.094247548037153,
      0.0,
      4.057385961114839,
      12.669107782978998,
      9.441164077620073,
      3.0866777815606596,
      9.573653738030067,
      10.813837995716021,
      10.01724328168919,
      30.05106097136381
    ],
    [
      26.042128555228878,
      1.8434284588408048,
      13.103179964172085,
      4.057385961114839,
      0.0,
      8.611721821864158,
      5.43223166148514,
      5.3175620547499705,
      5.564721321895135,
      8.676079659270954,
      5.959857320574351,
      26.042128555228878
    ],
    [
      23.0734464483927,
      8.62103573599196,
      16.071862071008262,
      12.669107782978998,
      8.611721821864158,
      0.0,
      13.271491277983571,
      13.929283876614129,
      6.603851561639011,
      11.64476176610713,
      2.6518645012898077,
      23.0734464483927
    ],
    [
      20.609896893743738,
      7.275660120325945,
      18.535411625657225,
      9.441164077620073,
      5.43223166148514,
      13.271491277983571,
      0.0,
      6.354486296059413,
      6.66763971634456,
      14.108311320756094,
      10.619626776693764,
      20.609896893743738
    ],
    [
      26.96438318980315,
      5.308248140622169,
      12.180925329597812,
      3.0866777815606596,
      5.3175620547499705,
      13.929283876614129,
      6.354486296059413,
      0.0,
      7.325432314975117,
      12.074014089351152,
      11.277419375324321,
      26.96438318980315
    ],
    [
      20.477407233333743,
      7.40814978073594,
      18.66790128606722,
      9.573653738030067,
      5.564721321895135,
      6.603851561639011,
      6.66763971634456,
      7.325432314975117,
      0.0,
      14.240800981166089,
      3.9519870603492038,
      20.477407233333743
    ],
    [
      34.71820821449983,
      6.832651200430149,
      4.427100304901131,
      10.813837995716021,
      8.676079659270954,
      11.64476176610713,
      14.108311320756094,
      12.074014089351152,
      14.240800981166089,
      0.0,
      10.388369799842202,
      34.71820821449983
    ],
    [
      24.32983841465763,
      5.969171234702152,
      14.815470104743333,
      10.01724328168919,
      5.959857320574351,
      2.6518645012898077,
      10.619626776693764,
      11.277419375324321,
      3.9519870603492038,
      10.388369799842202,
      0.0,
      24.32983841465763
    ],
    [
      0.0,
      27.885557014069683,
      39.14530851940096,
      30.05106097136381,
      26.042128555228878,
      23.0734464483927,
      20.609896893743738,
      26.96438318980315,
      20.477407233333743,
      34.71820821449983,
      24.32983841465763,
      0.0
    ]
  ],
  "drone_distance_matrix": [
    [
      0.0,
      21.466337628265812,
      29.705516693340993,
      21.98068947792566,
      20.278302382961677,
      21.881684376586747,
      15.472322040842455,
      19.64509078102587,
      17.54721028973683,
      27.906205976661038,
      21.387340448654797,
      0.0
    ],
    [
      21.466337628265812,
      0.0,
      8.286319117459378,
      3.2462512754448287,
      1.3035174014681516,
      6.981356073770714,
      6.10581554481225,
      3.8095970611688412,
      5.429075205183565,
      6.7992908196267114,
      4.912949215461138,
      21.466337628265812
    ],
    [
      29.705516693340993,
      8.286319117459378,
      0.0,
      8.243967853952364,
      9.544031881731264,
      11.98296910658416,
      14.246650482780014,
      10.525451501371736,
      13.228821249040024,
      3.998729682435449,
      10.651464723323329,
      29.705516693340993
    ],
    [
      21.98068947792566,
      3.2462512754448287,
      8.243967853952364,
      0.0,
      4.033231951833992,
      10.22725272123253,
      6.6894859673818585,
      2.3575011679901383,
      8.01380617828384,
      8.328305817712977,
      8.157130332044193,
      21.98068947792566
    ],
    [
      20.278302382961677,
      1.3035174014681516,
      9.544031881731264,
      4.033231951833992,
      0.0,
      6.441072355928809,
      5.060760427456779,
      3.8162167009428627,
      4.183160669413198,
      7.775731552396907,
      4.384736982254533,
      20.278302382961677
    ],
    [
      21.881684376586747,
      6.981356073770714,
      11.98296910658416,
      10.22725272123253,
      6.441072355928809,
      0.0,
      9.544672785114352,
      10.226542378559826,
      5.017483186533162,
      8.337940470311636,
      2.07495856658586,
      21.881684376586747
    ],
    [
      15.472322040842455,
      6.10581554481225,
      14.246650482780014,
      6.6894859673818585,
      5.060760427456779,
      9.544672785114352,
      0.0,
      4.517310438171148,
      4.715663945675673,
      12.833054224317868,
      7.956583368358882,
      15.472322040842455
    ],
    [
      19.64509078102587,
      3.8095970611688412,
      10.525451501371736,
      2.3575011679901383,
      3.8162167009428627,
      10.226542378559826,
      4.517310438171148,
      0.0,
      6.918916665963462,
      10.146517105476702,
      8.189047989210557,
      19.64509078102587
    ],
    [
      17.54721028973683,
      5.429075205183565,
      13.228821249040024,
      8.01380617828384,
      4.183160669413198,
      5.017483186533162,
      4.715663945675673,
      6.918916665963462,
      0.0,
      10.614834936378363,
      3.902526600293975,
      17.54721028973683
    ],
    [
      27.906205976661038,
      6.7992908196267114,
      3.998729682435449,
      8.328305817712977,
      7.775731552396907,
      8.337940470311636,
      12.833054224317868,
      10.146517105476702,
      10.614834936378363,
      0.0,
      7.367251530818295,
      27.906205976661038
    ],
    [
      21.387340448654797,
      4.912949215461138,
      10.651464723323329,
      8.157130332044193,
      4.384736982254533,
      2.07495856658586,
      7.956583368358882,
      8.189047989210557,
      3.902526600293975,
      7.367251530818295,
      0.0,
      21.387340448654797
    ],
    [
      0.0,
      21.466337628265812,
      29.705516693340993,
      21.98068947792566,
      20.278302382961677,
      21.881684376586747,
      15.472322040842455,
      19.64509078102587,
      17.54721028973683,
      27.906205976661038,
      21.387340448654797,
      0.0
    ]
  ]
}