NAME : S042_N10_C_R50
COMMENT : CTDVRPTWB instance
TYPE : CVRP
DIMENSION : 12
EDGE_WEIGHT_TYPE : EXPLICIT
EDGE_WEIGHT_FORMAT : FULL_MATRIX
CAPACITY : 200
VEHICLES : 2
EDGE_WEIGHT_SECTION
0 27885 39145 30051 26042 23073 20609 26964 20477 34718 24329 0 
27885 0 11259 4048 1843 8621 7275 5308 7408 6832 5969 27885 
39145 11259 0 9094 13103 16071 18535 12180 18667 4427 14815 39145 
30051 4048 9094 0 4057 12669 9441 3086 9573 10813 10017 30051 
26042 1843 13103 4057 0 8611 5432 5317 5564 8676 5959 26042 
23073 8621 16071 12669 8611 0 13271 13929 6603 11644 2651 23073 
20609 7275 18535 9441 5432 13271 0 6354 6667 14108 10619 20609 
26964 5308 12180 3086 5317 13929 6354 0 7325 12074 11277 26964 
20477 7408 18667 9573 5564 6603 6667 7325 0 14240 3951 20477 
34718 6832 4427 10813 8676 11644 14108 12074 14240 0 10388 34718 
24329 5969 14815 10017 5959 2651 10619 11277 3951 10388 0 24329 
0 27885 39145 30051 26042 23073 20609 26964 20477 34718 24329 0 
DEMAND_SECTION
1 0
2 -28
3 1
4 23
5 -12
6 -6
7 -20
8 -6
9 4
10 9
11 18
12 0
DEPOT_SECTION
1
-1
TIME_WINDOW_SECTION
1 0 720
2 312 372
3 148 222
4 298 372
5 289 353
6 166 243
7 411 480
8 163 227
9 188 250
10 210 279
11 413 487
12 0 720
SERVICE_TIME_SECTION
1 0
2 5
3 5
4 5
5 5
6 5
7 5
8 5
9 5
10 5
11 5
12 0
BACKHAUL_SECTION
2
5
6
7
8
EOF
